41437
50367
38593
38610
38611
38612
38614
38620
38627
38640
38641
38643
38644
38659
38661
38663
38664
38666
38672
38673
38674
38676
38682
38692
38722
38728
38731
38741
38750
38756
38762
38764
38788
38792
38802
38839
38840
38844
38854
38868
38876
38881
38886
38900
38936
38938
38941
38945
38969
38971
38974
38984
38991
38998
39001
39004
39084
39107
39153
39160
39204
39208
39209
39214
39216
39219
39235
39245
39261
39275
39336
39366
39377
39413
39439
39487
39524
39540
39559
39570
39621
39629
39670
39690
39700
39821
39841
39862
39873
39894
39914
39925
39946
40017
40038
40049
40090
40113
40114
40117
40118
40119
40120
40121
40122
40124
40126
40127
40129
40130
40131
40132
40134
40135
40136
40137
40139
40140
40142
40152
40154
40164
40165
40167
40172
40179
40183
40184
40187
40189
40201
40202
40217
40218
40239
40245
40247
40268
40271
40272
40274
40280
40283
40288
40289
40304
40308
40313
40314
40319
40320
40331
40332
40333
40338
40342
40350
40357
40360
40377
40379
40383
40384
40386
40390
40396
40397
40403
40406
40411
40413
40437
40450
40452
40454
40456
40477
40484
40495
40497
40517
40527
40530
40532
40537
40540
40544
40549
40555
40558
40559
40564
40572
40574
40575
40577
40584
40590
40593
40599
40600
40601
40607
40609
40622
40629
40630
40632
40636
40644
40646
40660
40661
40669
40670
40679
40682
40683
40691
40693
40694
40695
40702
40705
40706
40708
40713
40714
40719
40720
40722
40738
40742
40747
40748
40754
40758
40765
40766
40770
40771
40774
40779
40792
40808
40812
40813
40817
40820
40826
40828
40837
40838
40855
40861
40880
40882
40886
40889
40896
40912
40914
40950
40952
40957
40960
40968
40975
40977
40983
40984
40986
40988
40994
41006
41017
41019
41020
41026
41030
41041
41045
41055
41060
41068
41069
41075
41088
41096
41098
41099
41107
41111
41112
41115
41120
41121
41122
41126
41128
41130
41131
41133
41137
41140
41147
41149
41168
41172
41174
41176
41180
41181
41182
41187
41188
41209
41214
41223
41229
41233
41235
41243
41244
41250
41256
41258
41260
41262
41264
41268
41274
41275
41276
41279
41285
41288
41290
41295
41298
41309
41311
41316
41319
41331
41336
41340
41346
41347
41348
41354
41358
41360
41364
41368
41379
41382
41383
41384
41391
41392
41395
41396
41399
41404
41410
41421
41422
41441
41442
41456
41457
41459
41469
41478
41487
41488
41491
41495
41506
41508
41512
41520
41523
41528
41530
41536
41539
41544
41549
41550
41552
41555
41556
41567
41573
41576
41583
41585
41587
41612
41617
41634
41640
41641
41642
41644
41646
41647
41650
41651
41652
41654
41656
41670
41682
41708
41712
41713
41725
41733
41740
41748
41760
41771
41772
41773
41777
41779
41782
41793
41794
41795
41802
41805
41812
41815
41816
41825
41828
41851
41892
41907
41911
41918
41979
41980
41987
41988
41994
41995
41997
42000
42002
42007
42008
42014
42015
42017
42018
42019
42020
42021
42022
42024
42025
42027
42028
42029
42030
42031
42033
42034
42035
42036
42037
42038
42039
42040
42041
42042
42043
42044
42045
42046
42047
42048
42049
42050
42051
42053
42054
42055
42056
42057
42058
42060
43563
43564
43565
43566
43568
43569
43570
43571
43572
43573
43574
43576
43577
43578
43579
43580
43581
43582
43583
43584
43585
43586
43587
43588
43590
43591
43592
43593
43594
43596
43597
43598
43599
43600
43601
43602
43603
43604
43605
43606
43607
43608
43609
43610
43611
43612
43613
43614
43615
43616
43617
43618
43620
43621
43622
43623
43624
43625
43626
43627
43628
43629
43630
43631
43632
43633
43634
43635
43636
43637
43638
43639
43641
43642
43643
43644
43645
43646
43647
43649
43651
43652
43653
43654
43655
43657
43658
43659
43660
43661
43662
43663
43664
43665
43666
43667
43668
43669
43670
43672
43673
43675
43676
43677
43678
43679
43680
43681
43682
43683
43684
43685
43686
43687
43688
43689
43692
43693
43694
43695
43696
43697
43698
43699
43700
43701
43702
43703
43704
43705
43706
43707
43708
43709
43710
43712
43713
43714
43715
43716
43717
43718
43719
43720
43721
43722
43723
43724
43725
43726
43727
43728
43729
43730
43731
43732
43733
43734
43735
43736
43737
43738
43739
43740
43741
43742
43743
43744
43746
43747
43748
43749
43750
43751
43752
43753
43754
43755
43756
43757
43758
43760
43761
43762
43763
43765
43766
43767
43768
43770
43771
43772
43773
43774
43775
43777
43778
43779
43780
43781
43782
43783
43784
43785
43786
43787
43788
43790
43791
43792
43793
43794
43795
43796
43797
43798
43799
43800
43801
43802
43803
43804
43805
43806
43807
43808
43809
43810
43811
43812
43813
43814
43815
43816
43817
43818
43819
43820
43821
43822
43823
43824
43825
43827
43828
43829
43830
43831
43832
43833
43834
43835
43836
43837
43838
43839
43840
43841
43842
43844
43845
43846
43847
43849
43850
43851
43852
43853
43854
44006
44007
44008
44009
44010
44011
44012
44013
44014
44015
44016
44017
44018
44020
44021
44023
44024
44025
44027
44028
44029
44030
44032
44033
44034
44035
44038
44040
44041
44042
44043
44044
44045
44046
44047
44048
44049
44050
44051
44052
44053
44054
44055
44056
44057
44058
44059
44061
44062
44063
44064
44065
44066
44067
44068
44069
44070
44071
44072
44073
44075
44076
44077
44078
44079
44080
44082
44083
44084
44085
44086
44087
44088
44089
44090
44091
44092
44093
44094
44095
44096
44098
44099
44100
44101
44752
44753
44754
44755
44756
44757
44758
44759
44760
44761
44762
44763
44765
44766
44767
44768
44769
44770
44772
44773
44774
44776
44777
44778
44779
44780
44781
44782
44783
44784
44785
44786
44787
44788
44789
44790
44791
44792
44793
44794
44795
44796
44797
44798
44799
44800
44801
44802
44803
44804
44805
44806
44807
44808
47325
47326
47327
47328
47329
47330
47331
47333
47334
47335
47336
47337
47338
47339
47340
47341
47343
47344
47345
47346
47347
47348
47349
47350
47353
47362
47387
47389
47393
47394
47395
47396
47397
47398
47399
47400
47401
47403
47404
47405
47406
47407
47408
47409
47411
47412
47413
47414
47415
47416
47417
47418
47419
47420
47421
47422
47423
47424
47425
47427
47428
47429
47430
47431
47433
47434
47435
47436
47437
47438
47439
47447
47448
47449
47450
47451
47452
47453
47454
47456
47490
47492
47495
47502
47505
47506
47509
47511
47512
47515
47520
47521
47522
47524
47525
47526
47527
47528
47529
47530
47531
47534
47536
47537
47538
47540
47541
47542
47543
47544
47546
47547
47548
47549
47550
47551
47552
47553
47554
47555
47556
47557
47558
47559
47560
47561
47562
47563
47564
47565
47566
47567
47568
47569
47570
47571
47572
47573
47575
47576
47578
47579
50010
50034
50125
50126
50128
50143
50159
50164
50172
50180
50181
50202
50205
50222
50227
50237
50278
50286
50289
50290
50310
50312
50339
50342
50368
50371
50373
50377
50382
50384
50402
50409
50411
50415
50436
50444
50445
50447
50463
50474
50478
50479
50481
50507
50511
50544
50565
38613
38618
38655
39773
39967
40242
40619
40642
40668
40743
40854
40971
40985
41073
41286
41305
41598
42012
42016
42026
42059
43567
43595
43619
43656
43671
43690
43711
43776
43789
43848
44005
44019
44026
44031
44060
44074
44764
47357
47410
47443
47444
47445
47446
47455
47462
47472
47523
47532
47533
47545
47574
47577
50198
50303
50309
50420
50421
50422
50424
50425
50427
50429
50430
50473
50480
50483
50496
50508
50512
50520
50522
50536
50548
